10 5.1635e-08
20 5.2135e-08
30 5.3215e-08
40 5.3245e-08
50 5.227e-08
60 4.916e-08
70 5.1345e-08
80 5.453e-08
90 5.428e-08
100 5.6405e-08
110 5.759e-08
120 5.6115e-08
130 6.527e-08
140 7.0545e-08
150 6.812e-08
160 6.8975e-08
170 6.688e-08
180 6.6465e-08
190 6.192e-08
200 6.8605e-08
210 5.9825e-08
220 6.539e-08
230 6.51e-08
240 2.33145e-07
250 6.792e-08
260 6.5155e-08
270 6.259e-08
280 6.0795e-08
290 6.402e-08
300 6.0935e-08
310 6.0485e-08
320 6.989e-08
330 7.521e-08
340 8.245e-08
350 8.3355e-08
360 6.4925e-08
370 6.326e-08
380 5.9865e-08
390 5.9305e-08
400 6.357e-08
410 6.3865e-08
420 7.0415e-08
430 5.618e-08
440 5.638e-08
450 6.108e-08
460 5.9355e-08
470 6.292e-08
480 6.1365e-08
490 5.936e-08
500 5.8065e-08
510 6.4005e-08
520 5.938e-08
530 6.0135e-08
540 6.303e-08
550 7.4045e-08
560 6.7445e-08
570 7.3745e-08
580 7.7055e-08
590 6.5465e-08
600 6.319e-08
610 7.1945e-08
620 7.738e-08
630 7.6685e-08
640 7.0275e-08
650 6.3865e-08
660 8.319e-08
670 8.33e-08
680 7.482e-08
690 6.664e-08
700 9.195e-08
710 6.167e-08
720 7.103e-08
730 7.105e-08
740 7.009e-08
750 7.5885e-08
760 7.6015e-08
770 7.027e-08
780 7.41e-08
790 7.436e-08
800 7.5765e-08
