10 4.30365e-07
20 1.02402e-06
30 1.62019e-06
40 2.07047e-06
50 3.04327e-06
60 3.92657e-06
70 4.44594e-06
80 5.00811e-06
90 5.47644e-06
100 6.46702e-06
110 7.75922e-06
120 8.35704e-06
130 9.8574e-06
140 1.18e-05
150 1.09892e-05
160 1.11906e-05
170 1.21957e-05
180 1.37309e-05
190 1.2639e-05
200 1.35815e-05
210 1.54146e-05
220 1.44525e-05
230 1.68476e-05
240 2.13121e-05
250 2.06469e-05
260 1.92116e-05
270 1.86555e-05
280 2.11327e-05
290 2.15276e-05
300 2.01475e-05
310 2.06478e-05
320 2.5058e-05
330 2.65397e-05
340 3.27183e-05
350 3.33662e-05
360 2.70558e-05
370 2.69816e-05
380 2.7517e-05
390 2.69239e-05
400 2.91068e-05
410 2.84449e-05
420 3.15837e-05
430 2.8548e-05
440 3.0428e-05
450 3.31205e-05
460 3.19539e-05
470 3.25932e-05
480 3.52433e-05
490 3.29819e-05
500 3.5572e-05
510 3.64053e-05
520 3.55306e-05
530 3.74509e-05
540 4.09896e-05
550 4.5668e-05
560 4.77815e-05
570 4.49585e-05
580 5.14979e-05
590 4.3324e-05
600 4.67658e-05
610 4.95167e-05
620 5.78708e-05
630 6.014e-05
640 5.27853e-05
650 5.24217e-05
660 6.49507e-05
670 8.29751e-05
680 6.19708e-05
690 5.46566e-05
700 5.12458e-05
710 5.73512e-05
720 5.98265e-05
730 6.37612e-05
740 6.94115e-05
750 7.66627e-05
760 7.1216e-05
770 7.43757e-05
780 8.25466e-05
790 9.0046e-05
800 8.50496e-05
