10 1.00055e-07
20 1.0821e-07
30 1.0235e-07
40 9.9e-08
50 1.05415e-07
60 1.1064e-07
70 1.1635e-07
80 1.0729e-07
90 1.03565e-07
100 1.1761e-07
110 1.1979e-07
120 1.1436e-07
130 1.27455e-07
140 1.55375e-07
150 1.33985e-07
160 1.442e-07
170 1.39435e-07
180 1.25875e-07
190 1.32045e-07
200 1.2271e-07
210 1.3403e-07
220 1.41615e-07
230 1.40645e-07
240 1.477e-07
250 1.67305e-07
260 1.2734e-07
270 1.1814e-07
280 1.34015e-07
290 2.4955e-07
300 1.24715e-07
310 1.28515e-07
320 1.458e-07
330 1.53105e-07
340 1.72705e-07
350 1.6245e-07
360 1.2395e-07
370 1.477e-07
380 1.1933e-07
390 1.31995e-07
400 1.5435e-07
410 1.2962e-07
420 1.4451e-07
430 1.1164e-07
440 1.21635e-07
450 1.48205e-07
460 1.91885e-07
470 1.28045e-07
480 1.34035e-07
490 1.1259e-07
500 1.1932e-07
510 1.25555e-07
520 1.1723e-07
530 1.27825e-07
540 1.42715e-07
550 1.43445e-07
560 1.38605e-07
570 1.3742e-07
580 1.5967e-07
590 1.43835e-07
600 1.47005e-07
610 1.3319e-07
620 1.62885e-07
630 1.78735e-07
640 1.63705e-07
650 1.36705e-07
660 2.949e-07
670 3.1242e-07
680 1.665e-07
690 1.3063e-07
700 1.32325e-07
710 1.3886e-07
720 1.31895e-07
730 1.39255e-07
740 1.47415e-07
750 1.68715e-07
760 2.82685e-07
770 6.8321e-07
780 1.47075e-07
790 1.63665e-07
800 1.6657e-07
