10 4.527e-08
20 4.4085e-08
30 4.8575e-08
40 4.485e-08
50 5.676e-08
60 6.123e-08
70 4.5905e-08
80 5.759e-08
90 5.145e-08
100 6.899e-08
110 5.645e-08
120 5.983e-08
130 5.967e-08
140 1.03e-07
150 6.743e-08
160 6.6595e-08
170 6.084e-08
180 5.843e-08
190 5.873e-08
200 6.5885e-08
210 5.784e-08
220 5.9875e-08
230 5.692e-08
240 8.3515e-08
250 7.018e-08
260 7.465e-08
270 7.083e-08
280 6.0695e-08
290 5.6845e-08
300 5.3115e-08
310 5.7625e-08
320 6.7175e-08
330 8.303e-08
340 8.788e-08
350 1.0888e-07
360 7.5675e-08
370 6.5645e-08
380 6.485e-08
390 5.472e-08
400 6.1455e-08
410 5.6865e-08
420 6.2665e-08
430 7.485e-08
440 6.95e-08
450 7.924e-08
460 5.8255e-08
470 5.529e-08
480 6.535e-08
490 6.4415e-08
500 6.5755e-08
510 5.502e-08
520 6.798e-08
530 7.1095e-08
540 6.3405e-08
550 8.768e-08
560 1.0443e-07
570 6.944e-08
580 7.305e-08
590 8.087e-08
600 7.494e-08
610 6.567e-08
620 9.3185e-08
630 1.37185e-07
640 7.722e-08
650 7.24e-08
660 1.4552e-07
670 8.7025e-08
680 7.8375e-08
690 6.8975e-08
700 6.4745e-08
710 8.4875e-08
720 7.173e-08
730 8.421e-08
740 7.4235e-08
750 9.825e-08
760 1.11405e-07
770 1.3651e-07
780 8.773e-08
790 7.625e-08
800 1.0331e-07
