10 7.79595e-07
20 1.03143e-06
30 1.46784e-06
40 1.94026e-06
50 2.30445e-06
60 2.34061e-06
70 3.32556e-06
80 4.08286e-06
90 3.80534e-06
100 4.07631e-06
110 4.87387e-06
120 5.14968e-06
130 7.67208e-06
140 8.18434e-06
150 7.75593e-06
160 9.40815e-06
170 8.86307e-06
180 8.68641e-06
190 9.26638e-06
200 1.15354e-05
210 1.02126e-05
220 1.21237e-05
230 1.17915e-05
240 1.51294e-05
250 1.30664e-05
260 1.43792e-05
270 1.26071e-05
280 1.35303e-05
290 1.45639e-05
300 1.4186e-05
310 1.55636e-05
320 1.79961e-05
330 2.12467e-05
340 2.03744e-05
350 2.45271e-05
360 1.87823e-05
370 2.20781e-05
380 1.84477e-05
390 1.82439e-05
400 2.00286e-05
410 2.15674e-05
420 2.61248e-05
430 2.12236e-05
440 2.21623e-05
450 2.22374e-05
460 2.33538e-05
470 2.44699e-05
480 2.29492e-05
490 2.45629e-05
500 2.59517e-05
510 2.53134e-05
520 2.75144e-05
530 2.76115e-05
540 2.95769e-05
550 3.51995e-05
560 3.49109e-05
570 3.81314e-05
580 3.90704e-05
590 3.17052e-05
600 3.75548e-05
610 3.4573e-05
620 3.79175e-05
630 4.31313e-05
640 3.91184e-05
650 3.67464e-05
660 4.59309e-05
670 7.08539e-05
680 4.75718e-05
690 3.95405e-05
700 3.81901e-05
710 4.09348e-05
720 4.62836e-05
730 4.4203e-05
740 4.62903e-05
750 5.25892e-05
760 5.77369e-05
770 4.78612e-05
780 5.38914e-05
790 5.71063e-05
800 6.14789e-05
