10 1.06597e-06
20 2.10876e-06
30 3.01561e-06
40 3.9319e-06
50 5.07632e-06
60 5.7974e-06
70 7.55818e-06
80 8.87624e-06
90 9.14119e-06
100 1.02473e-05
110 1.21667e-05
120 1.29216e-05
130 1.6799e-05
140 1.8463e-05
150 1.86772e-05
160 2.07223e-05
170 2.11344e-05
180 2.17123e-05
190 2.12916e-05
200 2.52568e-05
210 2.54547e-05
220 2.48603e-05
230 2.89084e-05
240 3.43197e-05
250 3.23396e-05
260 3.1722e-05
270 3.04768e-05
280 3.38711e-05
290 3.47602e-05
300 3.253e-05
310 3.58033e-05
320 4.03643e-05
330 4.66779e-05
340 5.19507e-05
350 5.48704e-05
360 4.4519e-05
370 4.52222e-05
380 4.38155e-05
390 4.23887e-05
400 4.80704e-05
410 4.79172e-05
420 5.42079e-05
430 4.89193e-05
440 4.91922e-05
450 5.26311e-05
460 5.33248e-05
470 5.46481e-05
480 5.52515e-05
490 5.51734e-05
500 5.65165e-05
510 5.84801e-05
520 6.01781e-05
530 6.22231e-05
540 6.76528e-05
550 7.74323e-05
560 7.9567e-05
570 7.96919e-05
580 8.51133e-05
590 7.21224e-05
600 7.70901e-05
610 8.18534e-05
620 9.09369e-05
630 9.62256e-05
640 8.75463e-05
650 8.35209e-05
660 0.000104549
670 0.000180635
680 0.000101878
690 9.02688e-05
700 8.45854e-05
710 9.11981e-05
720 9.90596e-05
730 0.000103128
740 0.000108548
750 0.000123681
760 0.000117916
770 0.000126567
780 0.000129562
790 0.000134236
800 0.000134959
