10 7.406e-08
20 7.186e-08
30 8.144e-08
40 7.1425e-08
50 8.6305e-08
60 7.877e-08
70 7.7735e-08
80 1.2863e-07
90 1.1628e-07
100 1.0424e-07
110 1.3579e-07
120 1.183e-07
130 1.7395e-07
140 1.7533e-07
150 1.1612e-07
160 1.8857e-07
170 1.1748e-07
180 1.26585e-07
190 9.761e-08
200 1.1612e-07
210 1.36725e-07
220 9.3e-08
230 1.2995e-07
240 2.16815e-07
250 2.2789e-07
260 1.30495e-07
270 1.21065e-07
280 1.4948e-07
290 1.41625e-07
300 1.10935e-07
310 1.20075e-07
320 1.18085e-07
330 1.3141e-07
340 1.4521e-07
350 2.5311e-07
360 2.02835e-07
370 1.841e-07
380 1.3889e-07
390 1.3917e-07
400 1.86155e-07
410 1.16975e-07
420 1.6005e-07
430 1.59705e-07
440 1.5092e-07
450 2.3444e-07
460 1.38395e-07
470 1.37385e-07
480 2.53285e-07
490 1.4242e-07
500 1.6243e-07
510 1.5416e-07
520 1.354e-07
530 2.11335e-07
540 2.1543e-07
550 2.09565e-07
560 3.0277e-07
570 2.92775e-07
580 2.03e-07
590 1.94265e-07
600 2.04135e-07
610 1.7325e-07
620 2.6909e-07
630 2.44085e-07
640 2.3096e-07
650 3.25395e-07
660 3.3631e-07
670 4.97435e-07
680 3.59345e-07
690 2.6228e-07
700 1.75125e-07
710 2.60915e-07
720 2.77945e-07
730 2.62155e-07
740 3.9533e-07
750 2.5873e-07
760 8.4052e-07
770 3.13705e-07
780 2.6549e-07
790 3.34475e-07
800 3.0526e-07
