5 8.204e-07
7 8.2097e-07
9 1.04946e-06
11 7.9005e-07
13 7.9497e-07
15 7.9182e-07
17 7.8801e-07
19 7.898e-07
21 7.9042e-07
23 7.9687e-07
25 8.1293e-07
27 7.9167e-07
29 7.9908e-07
31 7.8979e-07
33 8.7951e-07
35 8.0485e-07
37 8.008e-07
39 8.2369e-07
41 8.0985e-07
43 8.0144e-07
45 1.90629e-06
47 8.1541e-07
49 7.7026e-07
51 7.6748e-07
53 7.8611e-07
55 7.801e-07
57 7.7187e-07
59 7.7203e-07
61 7.7607e-07
63 3.98424e-06
65 7.6975e-07
67 8.083e-07
69 7.9304e-07
71 8.3288e-07
73 8.3341e-07
75 8.6779e-07
77 9.0607e-07
79 8.6693e-07
81 9.4943e-07
83 9.9416e-07
85 1.10841e-06
87 1.13987e-06
89 1.08102e-06
91 9.9165e-07
93 9.641e-07
95 9.6348e-07
97 9.047e-07
99 9.3261e-07
