10 8.623e-08
20 2.1194e-07
30 1.67435e-07
40 2.54675e-07
50 2.4113e-07
60 2.49895e-07
70 2.88205e-07
80 2.96615e-07
90 3.94295e-07
100 4.7756e-07
110 5.5281e-07
120 4.38815e-07
130 6.3085e-07
140 6.1978e-07
150 5.41145e-07
160 3.99145e-07
170 4.36555e-07
180 5.36485e-07
190 4.83975e-07
200 9.31135e-07
210 7.6533e-07
220 5.11975e-07
230 5.8193e-07
240 6.5574e-07
250 7.8338e-07
260 5.8562e-07
270 6.5987e-07
280 6.19365e-07
290 6.8728e-07
300 7.49095e-07
310 6.96195e-07
320 7.7772e-07
330 7.4593e-07
340 7.23655e-07
350 1.06908e-06
360 1.29144e-06
370 1.12937e-06
380 8.62595e-07
390 9.4418e-07
400 8.60215e-07
410 1.10456e-06
420 1.0452e-06
430 1.00407e-06
440 1.11239e-06
450 1.05366e-06
460 1.08928e-06
470 1.02805e-06
480 1.12159e-06
490 1.2159e-06
500 1.0971e-06
510 1.16092e-06
520 1.06269e-06
530 1.16493e-06
540 1.47521e-06
550 1.28378e-06
560 1.23332e-06
570 1.96065e-06
580 1.53138e-06
590 1.16956e-06
600 1.42661e-06
610 1.28474e-06
620 1.27468e-06
630 1.31379e-06
640 1.57005e-06
650 1.53272e-06
660 1.52285e-06
670 1.7694e-06
680 1.45587e-06
690 1.80708e-06
700 1.99958e-06
710 1.49678e-06
720 1.90018e-06
730 1.68122e-06
740 1.61063e-06
750 1.63091e-06
760 1.63411e-06
770 1.60118e-06
780 1.88017e-06
790 1.77158e-06
800 1.92208e-06
