10 2.2988e-07
20 2.66335e-07
30 3.06265e-07
40 3.19415e-07
50 3.42505e-07
60 3.9535e-07
70 3.65735e-07
80 4.8056e-07
90 4.5106e-07
100 4.77055e-07
110 5.92215e-07
120 6.20775e-07
130 6.1537e-07
140 6.6769e-07
150 6.7427e-07
160 4.96575e-07
170 5.6268e-07
180 5.281e-07
190 5.84385e-07
200 8.96285e-07
210 7.17555e-07
220 5.53155e-07
230 5.7078e-07
240 6.2676e-07
250 8.88945e-07
260 6.2483e-07
270 6.3866e-07
280 7.2683e-07
290 7.02845e-07
300 6.59665e-07
310 6.9211e-07
320 6.6392e-07
330 7.1179e-07
340 7.34455e-07
350 8.99095e-07
360 8.08125e-07
370 7.884e-07
380 8.3187e-07
390 7.5383e-07
400 8.9405e-07
410 8.4251e-07
420 9.17025e-07
430 8.73265e-07
440 8.5174e-07
450 9.04575e-07
460 9.10335e-07
470 8.9082e-07
480 1.02526e-06
490 1.03512e-06
500 9.62985e-07
510 1.17724e-06
520 9.39385e-07
530 9.92455e-07
540 1.24429e-06
550 1.03192e-06
560 1.02708e-06
570 1.43759e-06
580 1.20596e-06
590 1.08919e-06
600 1.19573e-06
610 1.06384e-06
620 1.05344e-06
630 1.05949e-06
640 1.36906e-06
650 1.18019e-06
660 1.61883e-06
670 1.23944e-06
680 1.10752e-06
690 1.34429e-06
700 1.51455e-06
710 1.2145e-06
720 1.168e-06
730 1.21378e-06
740 1.32168e-06
750 1.30631e-06
760 1.32054e-06
770 1.30694e-06
780 1.235e-06
790 1.32429e-06
800 1.60246e-06
