10 7.27285e-07
20 4.5003e-07
30 4.645e-07
40 4.96495e-07
50 5.7208e-07
60 5.9941e-07
70 5.49395e-07
80 6.649e-07
90 6.61875e-07
100 8.2006e-07
110 1.24742e-06
120 9.6578e-07
130 8.8946e-07
140 1.20659e-06
150 1.24464e-06
160 8.7391e-07
170 7.42145e-07
180 8.78485e-07
190 1.04771e-06
200 1.9297e-06
210 1.1064e-06
220 8.92175e-07
230 9.75335e-07
240 1.12355e-06
250 1.22166e-06
260 1.09607e-06
270 1.06514e-06
280 1.02139e-06
290 1.14984e-06
300 1.18856e-06
310 1.26261e-06
320 9.58805e-07
330 1.16196e-06
340 1.46102e-06
350 1.95395e-06
360 1.30108e-06
370 1.18885e-06
380 1.26852e-06
390 1.5121e-06
400 1.29156e-06
410 1.27153e-06
420 1.80743e-06
430 1.43803e-06
440 1.36728e-06
450 1.40705e-06
460 1.4843e-06
470 1.49248e-06
480 1.50097e-06
490 1.51494e-06
500 1.76314e-06
510 1.62e-06
520 1.75788e-06
530 1.58844e-06
540 1.93768e-06
550 1.64402e-06
560 1.89119e-06
570 4.04989e-06
580 2.6267e-06
590 1.89706e-06
600 1.80911e-06
610 1.82222e-06
620 1.96235e-06
630 1.75567e-06
640 2.0347e-06
650 2.0828e-06
660 2.11817e-06
670 2.12336e-06
680 2.18476e-06
690 2.28352e-06
700 2.61619e-06
710 1.98334e-06
720 2.05634e-06
730 2.0364e-06
740 2.33441e-06
750 2.11635e-06
760 2.16731e-06
770 2.34783e-06
780 2.39328e-06
790 2.50808e-06
800 2.36135e-06
