10 3.66617e-05
20 4.49054e-05
30 4.90121e-05
40 5.46616e-05
50 6.2542e-05
60 6.97021e-05
70 7.6392e-05
80 9.93377e-05
90 0.000101459
100 0.000116681
110 0.0001505
120 0.000164424
130 0.000168056
140 0.000207408
150 0.000228205
160 0.000174353
170 0.000176934
180 0.000196366
190 0.000210999
200 0.000389004
210 0.00029364
220 0.000263187
230 0.00029907
240 0.000306823
250 0.000390379
260 0.00034064
270 0.000384077
280 0.000363103
290 0.000424232
300 0.000412558
310 0.00044011
320 0.000453971
330 0.00048418
340 0.000513272
350 0.000607748
360 0.00062285
370 0.000569963
380 0.000591533
390 0.000623047
400 0.000699153
410 0.000704561
420 0.000802108
430 0.000773103
440 0.000755026
450 0.000788318
460 0.000827358
470 0.000897194
480 0.000891092
490 0.000956169
500 0.00101753
510 0.000981221
520 0.00107795
530 0.0011511
540 0.00129548
550 0.00116094
560 0.00123895
570 0.00218868
580 0.00148895
590 0.00133771
600 0.00131855
610 0.0014152
620 0.00143622
630 0.00144915
640 0.00158288
650 0.00158224
660 0.00154962
670 0.00160977
680 0.00166821
690 0.00187446
700 0.00181906
710 0.00184741
720 0.00182588
730 0.00195946
740 0.00193271
750 0.00207303
760 0.00210973
770 0.00217898
780 0.00220118
790 0.00222562
800 0.00228905
