10 2.81165e-07
20 3.39875e-07
30 4.43835e-07
40 4.16685e-07
50 4.39115e-07
60 4.945e-07
70 4.8351e-07
80 7.1007e-07
90 5.79575e-07
100 6.22575e-07
110 7.7567e-07
120 7.6035e-07
130 7.74555e-07
140 8.163e-07
150 1.04117e-06
160 6.488e-07
170 6.4182e-07
180 7.0806e-07
190 7.70515e-07
200 1.10866e-06
210 1.02737e-06
220 7.8018e-07
230 7.6697e-07
240 8.5182e-07
250 1.06124e-06
260 9.11185e-07
270 8.999e-07
280 8.63235e-07
290 9.109e-07
300 9.39255e-07
310 9.4121e-07
320 9.26495e-07
330 1.00424e-06
340 9.86885e-07
350 1.34052e-06
360 1.13297e-06
370 1.07925e-06
380 1.10594e-06
390 1.09168e-06
400 1.14774e-06
410 1.132e-06
420 1.33732e-06
430 1.19539e-06
440 1.1925e-06
450 1.23837e-06
460 1.25548e-06
470 1.21711e-06
480 1.21512e-06
490 1.54074e-06
500 1.3532e-06
510 1.26355e-06
520 1.29636e-06
530 1.4512e-06
540 1.72768e-06
550 1.32289e-06
560 1.41083e-06
570 1.89075e-06
580 1.63494e-06
590 1.46349e-06
600 1.54156e-06
610 1.49067e-06
620 1.4688e-06
630 1.43012e-06
640 1.74046e-06
650 1.62582e-06
660 1.57993e-06
670 2.25326e-06
680 1.46849e-06
690 1.76873e-06
700 1.77175e-06
710 1.64705e-06
720 1.59076e-06
730 1.75925e-06
740 1.89966e-06
750 1.67964e-06
760 1.99117e-06
770 1.84161e-06
780 1.70449e-06
790 1.85597e-06
800 1.79861e-06
