10 2.35727e-05
20 2.23768e-05
30 3.12624e-05
40 3.46247e-05
50 3.47832e-05
60 4.62789e-05
70 4.86497e-05
80 5.9309e-05
90 6.43874e-05
100 7.50787e-05
110 9.93275e-05
120 9.41408e-05
130 9.67681e-05
140 0.00012604
150 0.000145626
160 9.15496e-05
170 0.000103751
180 0.000116089
190 0.000119499
200 0.000224797
210 0.0001782
220 0.000145146
230 0.000153929
240 0.000174795
250 0.000230764
260 0.000165588
270 0.000197135
280 0.000212367
290 0.000234274
300 0.000227956
310 0.000236517
320 0.000251351
330 0.00025958
340 0.000278385
350 0.000344132
360 0.000331643
370 0.000305831
380 0.000317973
390 0.000336668
400 0.00035905
410 0.000367316
420 0.000441064
430 0.000409788
440 0.0004035
450 0.000421832
460 0.000458434
470 0.000451413
480 0.000481146
490 0.000507231
500 0.000529624
510 0.000552888
520 0.000556816
530 0.000582793
540 0.000686174
550 0.000607321
560 0.000654827
570 0.000962643
580 0.000800241
590 0.000678768
600 0.000690211
610 0.000672372
620 0.000742203
630 0.000717881
640 0.000841151
650 0.000848731
660 0.000796513
670 0.000906734
680 0.000869014
690 0.00103632
700 0.000893014
710 0.000959723
720 0.000952072
730 0.000973577
740 0.00100972
750 0.00106076
760 0.0011168
770 0.00114735
780 0.00114546
790 0.0011683
800 0.00117147
