10 8.22995e-06
20 1.69736e-05
30 1.93632e-05
40 2.41909e-05
50 3.08854e-05
60 3.52759e-05
70 3.74416e-05
80 5.30698e-05
90 5.31023e-05
100 6.2564e-05
110 8.0584e-05
120 8.9255e-05
130 9.2523e-05
140 0.000114541
150 0.000116666
160 0.000106692
170 0.000107719
180 0.000111562
190 0.000126259
200 0.000230966
210 0.000185745
220 0.00015614
230 0.000187951
240 0.000186075
250 0.00024089
260 0.000218083
270 0.000239795
280 0.000230906
290 0.000246321
300 0.000255842
310 0.000256272
320 0.000278346
330 0.00030249
340 0.000313194
350 0.000384899
360 0.000388184
370 0.000374131
380 0.000385063
390 0.000397458
400 0.000422142
410 0.000404228
420 0.000551802
430 0.000485444
440 0.000477797
450 0.000495541
460 0.000513074
470 0.000538677
480 0.000551825
490 0.000586111
500 0.000621864
510 0.000628054
520 0.00064406
530 0.000696192
540 0.000782368
550 0.000713123
560 0.000737426
570 0.00126024
580 0.0009253
590 0.000827814
600 0.000864419
610 0.000867523
620 0.000845204
630 0.000923074
640 0.000953306
650 0.000982924
660 0.00100401
670 0.00100981
680 0.00105387
690 0.00120065
700 0.0011889
710 0.00116995
720 0.0011451
730 0.00119696
740 0.00121897
750 0.00126255
760 0.00125969
770 0.00135136
780 0.00134827
790 0.00135048
800 0.00139153
