10 6.81115e-07
20 1.86319e-06
30 1.20478e-05
40 5.92077e-06
50 8.01844e-06
60 1.13258e-05
70 1.36885e-05
80 1.41746e-05
90 1.07744e-05
100 1.30663e-05
110 1.39068e-05
120 1.62935e-05
130 2.02268e-05
140 2.38177e-05
150 2.50986e-05
160 2.66266e-05
170 3.08114e-05
180 3.39146e-05
190 3.94057e-05
200 4.13743e-05
210 4.65488e-05
220 4.55441e-05
230 5.21538e-05
240 5.57543e-05
250 6.04192e-05
260 7.24714e-05
270 7.11321e-05
280 7.15945e-05
290 8.35499e-05
300 9.26327e-05
310 9.17513e-05
320 9.8384e-05
330 0.000103957
340 0.000112929
350 0.000144037
360 0.000135179
370 0.000139982
380 0.000141166
390 0.000154327
400 0.000155872
410 0.000157672
420 0.00017478
430 0.000183362
440 0.000188153
450 0.000198399
460 0.000194509
470 0.000218003
480 0.000211453
490 0.000227976
500 0.000242203
510 0.000257452
520 0.000249981
530 0.000284732
540 0.000267513
550 0.000297919
560 0.0002978
570 0.000338467
580 0.000349898
590 0.000343615
600 0.000365323
610 0.000364004
620 0.000494194
630 0.000383843
640 0.000456903
650 0.000448345
660 0.000674144
670 0.00115433
680 0.000729696
690 0.000669458
700 0.000852975
710 0.000657209
720 0.00109572
730 0.000834663
740 0.00088463
750 0.00141475
760 0.00103235
770 0.00133306
780 0.00161348
790 0.00114398
800 0.00102788
