10 9.6535e-08
20 2.2788e-07
30 3.88855e-07
40 2.04065e-07
50 2.243e-07
60 2.39065e-07
70 2.87805e-07
80 2.5512e-07
90 2.07625e-07
100 2.1106e-07
110 1.9732e-07
120 2.1149e-07
130 2.322e-07
140 2.40065e-07
150 4.30045e-07
160 2.56505e-07
170 2.78565e-07
180 2.78155e-07
190 3.09935e-07
200 2.9546e-07
210 3.144e-07
220 3.4109e-07
230 3.4091e-07
240 3.57195e-07
250 3.65105e-07
260 3.8019e-07
270 4.01255e-07
280 4.1996e-07
290 4.1434e-07
300 4.3293e-07
310 4.6834e-07
320 4.90665e-07
330 4.68255e-07
340 5.13825e-07
350 8.2673e-07
360 6.3417e-07
370 5.4624e-07
380 5.53175e-07
390 5.56475e-07
400 8.89485e-07
410 5.56065e-07
420 5.80355e-07
430 5.9696e-07
440 6.068e-07
450 6.29295e-07
460 6.20175e-07
470 6.3703e-07
480 6.84545e-07
490 8.14245e-07
500 6.97135e-07
510 7.0901e-07
520 7.05915e-07
530 7.60565e-07
540 7.16165e-07
550 7.64315e-07
560 8.2649e-07
570 1.00445e-06
580 8.093e-07
590 9.038e-07
600 8.40025e-07
610 1.10423e-06
620 1.07789e-06
630 8.727e-07
640 9.9605e-07
650 1.06408e-06
660 1.24754e-06
670 3.01531e-06
680 1.60524e-06
690 1.46753e-06
700 1.78924e-06
710 1.34145e-06
720 2.19926e-06
730 1.73854e-06
740 2.05414e-06
750 2.18537e-06
760 2.20367e-06
770 2.03548e-06
780 2.9904e-06
790 2.57785e-06
800 1.76699e-06
