10 7.511e-07
20 1.91466e-06
30 5.65834e-06
40 6.76221e-06
50 1.01873e-05
60 1.06534e-05
70 1.5268e-05
80 1.26733e-05
90 1.25924e-05
100 1.54724e-05
110 1.47561e-05
120 1.77854e-05
130 2.14063e-05
140 2.38617e-05
150 2.75105e-05
160 3.01171e-05
170 3.38099e-05
180 3.69088e-05
190 4.25814e-05
200 4.6648e-05
210 5.09895e-05
220 5.18178e-05
230 5.74465e-05
240 5.98187e-05
250 6.71369e-05
260 7.24529e-05
270 7.93162e-05
280 7.83597e-05
290 8.7352e-05
300 0.000100065
310 9.74435e-05
320 0.00010396
330 0.000108552
340 0.00012604
350 0.00016325
360 0.000139427
370 0.000145953
380 0.000143761
390 0.000155888
400 0.000168616
410 0.000171901
420 0.000185348
430 0.000188575
440 0.000199908
450 0.000203274
460 0.00021091
470 0.000226164
480 0.000225959
490 0.000244235
500 0.000260602
510 0.000270298
520 0.000267035
530 0.000306479
540 0.000301248
550 0.000297462
560 0.000317859
570 0.000361121
580 0.000372206
590 0.000371795
600 0.000385014
610 0.000379801
620 0.000505014
630 0.000421717
640 0.000475451
650 0.000501078
660 0.00163654
670 0.00157961
680 0.000788477
690 0.000668472
700 0.000875633
710 0.000711578
720 0.00117188
730 0.000876813
740 0.000882088
750 0.00161786
760 0.00112044
770 0.00137228
780 0.00161691
790 0.00113926
800 0.00113039
