10 1.1005e-07
20 2.9939e-07
30 4.52165e-07
40 2.57735e-07
50 2.6829e-07
60 2.95205e-07
70 8.79345e-07
80 2.8305e-07
90 6.43055e-07
100 6.80945e-07
110 4.10855e-07
120 3.3748e-07
130 5.2874e-07
140 4.6217e-07
150 2.6953e-07
160 3.42915e-07
170 5.96325e-07
180 3.1919e-07
190 4.26695e-07
200 3.61715e-07
210 3.89425e-07
220 4.5627e-07
230 4.55095e-07
240 1.38091e-06
250 5.59045e-07
260 7.6592e-07
270 8.25305e-07
280 4.6715e-07
290 1.49512e-06
300 9.5262e-07
310 5.618e-07
320 5.9939e-07
330 5.96625e-07
340 2.19802e-06
350 7.68635e-07
360 6.47385e-07
370 6.24735e-07
380 6.26205e-07
390 8.886e-07
400 8.0153e-07
410 1.26444e-06
420 1.68021e-06
430 2.04826e-06
440 1.03586e-06
450 7.17745e-07
460 8.31085e-07
470 1.47812e-06
480 7.694e-07
490 1.16328e-06
500 2.62191e-06
510 1.43315e-06
520 8.0353e-07
530 9.04385e-07
540 1.03857e-06
550 9.00775e-07
560 8.9024e-07
570 1.80207e-06
580 9.6678e-07
590 1.02878e-06
600 1.56974e-06
610 1.00376e-06
620 4.50232e-06
630 1.03406e-06
640 2.35356e-06
650 1.33188e-06
660 4.8853e-06
670 3.05309e-06
680 3.10231e-06
690 1.66344e-06
700 2.90956e-06
710 1.60052e-06
720 2.4627e-06
730 3.17962e-06
740 7.55758e-06
750 2.66353e-06
760 6.53949e-06
770 3.68717e-06
780 9.35717e-06
790 9.60427e-06
800 2.29484e-06
