10 6.8302e-07
20 2.35963e-06
30 4.03309e-06
40 6.69943e-06
50 8.64932e-06
60 1.06042e-05
70 1.27933e-05
80 1.40707e-05
90 1.16771e-05
100 1.26862e-05
110 1.39357e-05
120 1.61614e-05
130 2.03239e-05
140 2.30677e-05
150 2.53618e-05
160 2.76353e-05
170 3.16295e-05
180 3.42129e-05
190 3.7551e-05
200 4.14871e-05
210 4.65725e-05
220 4.54508e-05
230 5.35332e-05
240 5.64053e-05
250 6.09603e-05
260 7.20732e-05
270 7.24321e-05
280 7.14108e-05
290 8.35641e-05
300 9.31217e-05
310 9.24712e-05
320 9.6934e-05
330 0.000104311
340 0.000112279
350 0.000146195
360 0.000138133
370 0.000137457
380 0.000141585
390 0.000154577
400 0.000156622
410 0.000160234
420 0.000174194
430 0.00018242
440 0.000190285
450 0.000200862
460 0.000196068
470 0.00021985
480 0.000208933
490 0.000228507
500 0.000243528
510 0.000260034
520 0.000254107
530 0.000287027
540 0.000269383
550 0.000294741
560 0.000298923
570 0.000343878
580 0.000348825
590 0.000345176
600 0.000364235
610 0.000365788
620 0.000491104
630 0.000389791
640 0.000457891
650 0.000451603
660 0.000725832
670 0.00117583
680 0.000751399
690 0.00067686
700 0.000843571
710 0.000659573
720 0.00121988
730 0.000844656
740 0.000885887
750 0.00144923
760 0.00101776
770 0.00122618
780 0.00162232
790 0.00113582
800 0.00103733
