10 7.288e-08
20 7.3955e-08
30 8.2585e-08
40 7.7935e-08
50 7.7885e-08
60 7.674e-08
70 7.536e-08
80 6.0265e-08
90 4.726e-08
100 9.332e-08
110 4.2085e-08
120 4.286e-08
130 4.3295e-08
140 4.2085e-08
150 4.121e-08
160 4.135e-08
170 4.2945e-08
180 4.269e-08
190 4.337e-08
200 4.254e-08
210 4.242e-08
220 4.3185e-08
230 4.35e-08
240 4.373e-08
250 4.225e-08
260 4.3365e-08
270 4.235e-08
280 4.3135e-08
290 4.3695e-08
300 4.3145e-08
310 4.394e-08
320 4.4965e-08
330 4.214e-08
340 4.2565e-08
350 6.061e-08
360 4.721e-08
370 4.4255e-08
380 4.453e-08
390 4.3275e-08
400 4.335e-08
410 4.499e-08
420 4.4005e-08
430 4.391e-08
440 4.303e-08
450 4.458e-08
460 4.286e-08
470 4.416e-08
480 4.452e-08
490 4.558e-08
500 4.4395e-08
510 4.407e-08
520 4.3565e-08
530 4.737e-08
540 4.448e-08
550 4.511e-08
560 1.4197e-07
570 5.0535e-08
580 4.7845e-08
590 4.7265e-08
600 4.923e-08
610 4.7e-08
620 5.6835e-08
630 4.638e-08
640 5.3565e-08
650 5.188e-08
660 6.166e-08
670 9.7225e-08
680 7.3345e-08
690 6.845e-08
700 7.8125e-08
710 6.2175e-08
720 8.4435e-08
730 7.3225e-08
740 7.445e-08
750 9.173e-08
760 8.355e-08
770 6.81625e-06
780 1.0443e-07
790 8.118e-08
800 7.687e-08
