10 1.07255e-07
20 1.296e-07
30 1.6371e-07
40 1.87075e-07
50 2.04845e-07
60 2.1172e-07
70 2.23305e-07
80 1.83495e-07
90 1.5072e-07
100 4.7868e-07
110 1.4731e-07
120 1.5463e-07
130 1.6218e-07
140 1.6073e-07
150 1.6268e-07
160 1.71455e-07
170 1.8883e-07
180 4.3841e-07
190 2.1164e-07
200 2.27645e-07
210 2.2225e-07
220 2.28795e-07
230 2.2702e-07
240 2.2911e-07
250 2.20565e-07
260 2.24825e-07
270 2.2244e-07
280 2.3101e-07
290 2.3066e-07
300 2.30255e-07
310 2.3282e-07
320 2.3029e-07
330 2.2104e-07
340 2.24085e-07
350 4.9007e-07
360 2.4121e-07
370 2.31025e-07
380 2.30225e-07
390 2.274e-07
400 2.3109e-07
410 2.21445e-07
420 2.27075e-07
430 3.1044e-07
440 2.25005e-07
450 2.33335e-07
460 2.247e-07
470 2.32465e-07
480 2.34455e-07
490 2.3419e-07
500 2.30445e-07
510 2.30265e-07
520 2.28125e-07
530 2.4463e-07
540 2.2861e-07
550 2.37525e-07
560 2.32705e-07
570 2.6136e-07
580 4.06285e-07
590 2.42675e-07
600 2.4256e-07
610 2.40405e-07
620 2.9336e-07
630 2.5586e-07
640 2.76505e-07
650 2.67855e-07
660 3.46415e-07
670 4.8616e-07
680 3.7577e-07
690 3.44495e-07
700 4.1447e-07
710 3.98205e-07
720 4.32845e-07
730 3.77155e-07
740 4.00755e-07
750 7.7457e-07
760 4.34145e-07
770 1.19109e-06
780 5.70065e-07
790 4.9639e-07
800 4.36675e-07
