10 1.07444e-06
20 2.02859e-06
30 3.79108e-06
40 5.91171e-06
50 8.55159e-06
60 1.2979e-05
70 1.72968e-05
80 2.32126e-05
90 2.72507e-05
100 3.18545e-05
110 3.9738e-05
120 4.7646e-05
130 5.37223e-05
140 6.12355e-05
150 7.03475e-05
160 7.85379e-05
170 8.8417e-05
180 9.79804e-05
190 0.000110331
200 0.000125897
210 0.000141311
220 0.00015176
230 0.000163969
240 0.000187422
250 0.000192137
260 0.000206905
270 0.00022485
280 0.000239385
290 0.000262619
300 0.000284496
310 0.000290414
320 0.000313706
330 0.000331834
340 0.00034834
350 0.000375675
360 0.000395935
370 0.000414042
380 0.000432202
390 0.000457555
400 0.000487543
410 0.000507999
420 0.00053984
430 0.000562421
440 0.000578112
450 0.000601723
460 0.000623235
470 0.000652177
480 0.000681734
490 0.000713651
500 0.000748435
510 0.000765065
520 0.000803346
530 0.000869195
540 0.000861772
550 0.000895586
560 0.000951471
570 0.000988655
580 0.0010141
590 0.00107733
600 0.00116658
610 0.00116411
620 0.00123706
630 0.00122989
640 0.00122533
650 0.00128106
660 0.00129658
670 0.00133119
680 0.00140794
690 0.00143097
700 0.00146512
710 0.00151228
720 0.00153699
730 0.00156169
740 0.00163025
750 0.00166327
760 0.00169963
770 0.00174465
780 0.00176804
790 0.00183526
800 0.00189302
810 0.00193372
820 0.00197224
830 0.00201009
840 0.00206483
850 0.00211871
860 0.0021766
870 0.00222244
880 0.00226508
890 0.00231094
900 0.00237167
910 0.00241622
920 0.00248534
930 0.00252594
940 0.00258334
950 0.00266498
960 0.00269656
970 0.00276572
980 0.0028214
990 0.00308274
1000 0.00338375
