10 6.99705e-07
20 1.84579e-06
30 1.57254e-06
40 1.27578e-06
50 1.49449e-06
60 1.76757e-06
70 2.1051e-06
80 2.15531e-06
90 2.49468e-06
100 2.88908e-06
110 3.23585e-06
120 3.35555e-06
130 3.18579e-06
140 3.59488e-06
150 3.92665e-06
160 4.20981e-06
170 4.60111e-06
180 5.12008e-06
190 5.54785e-06
200 7.46792e-06
210 6.49615e-06
220 7.04756e-06
230 6.82785e-06
240 6.96125e-06
250 1.026e-05
260 7.5114e-06
270 6.43175e-06
280 6.17046e-06
290 6.45728e-06
300 6.42064e-06
310 9.04541e-06
320 1.08585e-05
330 9.81123e-06
340 6.80313e-06
350 7.3013e-06
360 6.74793e-06
370 6.74082e-06
380 6.69211e-06
390 6.99077e-06
400 6.97534e-06
410 7.88625e-06
420 1.03297e-05
430 1.19175e-05
440 7.49224e-06
450 6.92948e-06
460 6.47731e-06
470 6.79503e-06
480 1.01676e-05
490 1.15715e-05
500 9.25033e-06
