10 6.11725e-07
20 2.36232e-06
30 2.03517e-06
40 1.47416e-06
50 1.58178e-06
60 2.70299e-06
70 2.42705e-06
80 2.58984e-06
90 3.18765e-06
100 3.42418e-06
110 4.11863e-06
120 4.62045e-06
130 4.5036e-06
140 4.9256e-06
150 5.58518e-06
160 6.54493e-06
170 6.75435e-06
180 7.67573e-06
190 8.49682e-06
200 1.03249e-05
210 1.00493e-05
220 1.07342e-05
230 1.07548e-05
240 1.21761e-05
250 1.80295e-05
260 1.34922e-05
270 1.131e-05
280 1.14224e-05
290 1.20756e-05
300 1.26463e-05
310 1.9646e-05
320 2.18562e-05
330 2.0865e-05
340 1.40299e-05
350 1.62027e-05
360 1.52476e-05
370 1.52951e-05
380 1.58e-05
390 1.61301e-05
400 1.68843e-05
410 1.83596e-05
420 2.28986e-05
430 3.22717e-05
440 1.92855e-05
450 1.91343e-05
460 1.80791e-05
470 1.91021e-05
480 2.74562e-05
490 3.24577e-05
500 3.68121e-05
