10 5.5183e-07
20 2.05277e-06
30 2.86734e-06
40 1.66008e-06
50 1.57873e-06
60 3.13986e-06
70 2.65016e-06
80 3.02299e-06
90 3.98758e-06
100 4.06778e-06
110 4.59849e-06
120 5.9013e-06
130 5.74485e-06
140 6.67844e-06
150 7.95409e-06
160 8.45207e-06
170 9.14344e-06
180 1.02913e-05
190 1.18383e-05
200 1.40003e-05
210 1.36474e-05
220 1.51754e-05
230 1.63864e-05
240 1.77967e-05
250 3.76771e-05
260 1.88488e-05
270 1.66258e-05
280 1.7028e-05
290 1.81463e-05
300 1.87334e-05
310 2.59462e-05
320 4.32792e-05
330 3.70435e-05
340 2.62125e-05
350 2.53429e-05
360 2.31258e-05
370 2.38022e-05
380 2.39398e-05
390 2.60778e-05
400 2.71246e-05
410 3.0382e-05
420 3.5905e-05
430 0.000101004
440 3.20757e-05
450 3.02373e-05
460 2.91686e-05
470 3.07226e-05
480 4.01682e-05
490 5.58885e-05
500 4.69018e-05
