10 2.926e-07
20 1.935e-07
30 1.87467e-07
40 1.69575e-07
50 1.784e-07
60 1.76983e-07
70 1.73729e-07
80 1.72637e-07
90 1.711e-07
100 1.7236e-07
110 1.71882e-07
120 1.685e-07
130 1.68223e-07
140 1.70729e-07
150 1.69267e-07
160 1.68856e-07
170 1.68429e-07
180 1.69872e-07
190 1.70937e-07
200 1.6839e-07
210 1.68576e-07
220 1.69368e-07
230 1.68965e-07
240 1.67567e-07
250 1.65996e-07
260 1.67381e-07
270 1.68741e-07
280 1.66746e-07
290 1.67459e-07
300 1.65547e-07
310 1.67045e-07
320 1.67853e-07
330 1.70012e-07
340 1.67738e-07
350 1.67571e-07
360 1.67172e-07
370 1.68095e-07
380 1.66071e-07
390 1.67423e-07
400 1.6656e-07
410 1.66315e-07
420 1.68048e-07
430 1.67951e-07
440 1.6742e-07
450 1.68076e-07
460 1.65904e-07
470 1.66766e-07
480 1.6659e-07
490 1.67641e-07
500 1.67854e-07
510 1.65661e-07
520 1.65402e-07
530 1.98277e-07
540 1.70835e-07
550 1.68935e-07
560 1.66591e-07
570 1.70005e-07
580 1.65164e-07
590 1.65393e-07
600 1.66018e-07
610 1.65248e-07
620 1.66116e-07
630 1.6653e-07
640 1.65289e-07
650 1.65766e-07
660 1.58427e-07
670 1.56987e-07
680 1.58804e-07
690 1.58603e-07
700 1.57287e-07
710 1.58414e-07
720 1.71026e-07
730 1.68612e-07
740 1.58914e-07
750 1.51709e-07
760 1.50187e-07
770 1.51108e-07
780 1.51959e-07
790 1.51535e-07
800 1.50345e-07
