10 1.381e-07
20 1.238e-07
30 1.32467e-07
40 1.3885e-07
50 1.4576e-07
60 1.48633e-07
70 1.482e-07
80 1.50863e-07
90 1.64478e-07
100 1.5583e-07
110 1.63918e-07
120 1.67292e-07
130 1.66069e-07
140 1.70943e-07
150 1.64113e-07
160 1.66625e-07
170 1.74371e-07
180 1.69072e-07
190 1.83768e-07
200 1.7644e-07
210 1.72376e-07
220 1.73741e-07
230 1.71961e-07
240 1.86579e-07
250 1.86468e-07
260 1.90773e-07
270 1.81052e-07
280 1.80668e-07
290 1.85866e-07
300 1.8187e-07
310 1.92045e-07
320 1.90309e-07
330 1.93242e-07
340 1.88315e-07
350 1.8628e-07
360 1.87469e-07
370 1.89905e-07
380 1.94376e-07
390 1.91836e-07
400 1.9471e-07
410 1.89937e-07
420 2.25236e-07
430 1.90428e-07
440 1.94645e-07
450 1.95087e-07
460 1.98465e-07
470 1.98768e-07
480 2.06765e-07
490 2.04182e-07
500 2.01336e-07
510 2.00425e-07
520 2.12521e-07
530 1.98751e-07
540 2.02089e-07
550 2.02998e-07
560 2.30645e-07
570 3.16825e-07
580 2.16431e-07
590 2.14569e-07
600 2.23328e-07
610 2.04459e-07
620 2.07926e-07
630 2.04397e-07
640 2.08864e-07
650 2.14745e-07
660 2.06997e-07
670 2.0817e-07
680 2.16926e-07
690 2.1757e-07
700 2.08667e-07
710 2.11001e-07
720 2.19854e-07
730 2.19732e-07
740 2.20655e-07
750 2.71949e-07
760 2.36339e-07
770 2.38238e-07
780 2.31755e-07
790 2.21967e-07
800 2.31496e-07
